const unsigned char texture_data_2[TEXTURE_WIDTH * TEXTURE_HEIGHT * 3] = {
210, 187, 146, 207, 184, 143, 208, 183, 143, 211, 186, 146, 213, 185, 145, 210, 182, 142, 
207, 178, 136, 203, 174, 132, 207, 180, 137, 207, 180, 137, 201, 176, 135, 203, 178, 
137, 209, 186, 145, 209, 187, 146, 205, 186, 144, 209, 190, 148, 207, 186, 143, 208, 
185, 143, 214, 189, 148, 217, 192, 151, 215, 191, 147, 215, 191, 147, 221, 197, 153, 
228, 204, 160, 219, 192, 147, 227, 200, 155, 236, 209, 164, 228, 201, 156, 216, 192, 
148, 212, 188, 144, 209, 185, 141, 220, 193, 150, 220, 191, 149, 209, 180, 138, 204, 
175, 131, 216, 187, 143, 230, 199, 153, 223, 192, 146, 220, 188, 141, 229, 197, 150, 
229, 197, 148, 222, 190, 141, 216, 183, 132, 215, 182, 131, 219, 183, 133, 219, 183, 
133, 216, 180, 132, 212, 176, 128, 208, 175, 124, 205, 173, 122, 204, 172, 121, 202, 
170, 119, 200, 170, 120, 203, 172, 125, 204, 173, 127, 200, 169, 123, 196, 167, 123, 
197, 168, 124, 202, 173, 129, 207, 178, 134, 206, 179, 136, 204, 177, 134, 203, 176, 
133, 202, 175, 132, 206, 181, 140, 211, 186, 145, 218, 190, 150, 218, 191, 148, 215, 
186, 144, 215, 186, 144, 218, 187, 143, 217, 188, 144, 217, 188, 144, 219, 192, 147, 
224, 197, 154, 227, 203, 159, 226, 203, 161, 221, 200, 157, 215, 196, 153, 213, 192, 
149, 225, 202, 160, 225, 202, 160, 220, 195, 154, 213, 189, 145, 213, 189, 145, 208, 
184, 140, 199, 175, 131, 196, 169, 124, 199, 172, 127, 202, 175, 128, 203, 176, 129, 
201, 174, 129, 210, 183, 138, 212, 185, 140, 196, 169, 124, 188, 161, 116, 205, 176, 
132, 202, 174, 127, 209, 181, 134, 207, 179, 131, 204, 173, 126, 199, 169, 119, 197, 
165, 116, 207, 175, 124, 206, 174, 123, 206, 173, 120, 208, 175, 122, 210, 177, 124, 
213, 177, 125, 213, 177, 125, 213, 177, 125, 214, 178, 126, 212, 177, 123, 208, 175, 
121, 210, 177, 123, 213, 180, 126, 213, 180, 127, 214, 182, 131, 217, 185, 136, 218, 
186, 137, 215, 184, 137, 211, 180, 133, 209, 178, 131, 210, 179, 133, 208, 180, 133, 
207, 179, 132, 207, 179, 132, 207, 179, 132, 216, 188, 141, 212, 184, 137, 212, 181, 
135, 208, 177, 131, 200, 167, 122, 191, 159, 112, 191, 159, 112, 195, 163, 116, 209, 
176, 131, 216, 185, 139, 215, 184, 140, 212, 183, 139, 219, 192, 147, 218, 194, 148, 
217, 194, 150, 224, 201, 157, 219, 195, 151, 216, 192, 148, 221, 194, 151, 221, 194, 
151, 217, 190, 147, 220, 191, 147, 222, 193, 149, 216, 188, 141, 207, 179, 132, 220, 
189, 143, 220, 189, 143, 211, 183, 136, 216, 188, 141, 218, 190, 143, 207, 179, 132, 
203, 175, 127, 210, 182, 132, 205, 175, 123, 210, 180, 128, 203, 173, 119, 201, 170, 
116, 208, 177, 122, 201, 168, 114, 198, 166, 109, 198, 166, 109, 198, 163, 105, 195, 
160, 102, 194, 159, 101, 195, 159, 101, 192, 156, 98, 189, 153, 95, 187, 151, 93, 
192, 154, 92, 194, 156, 93, 193, 155, 93, 188, 150, 88, 186, 147, 88, 189, 153, 
95, 193, 156, 101, 191, 154, 99, 186, 151, 97, 187, 151, 99, 190, 157, 104, 196, 
163, 112, 200, 167, 116, 204, 171, 120, 208, 176, 125, 212, 180, 129, 207, 177, 127, 
210, 178, 129, 210, 178, 129, 203, 171, 122, 197, 163, 115, 195, 161, 113, 193, 159, 
111, 188, 154, 106, 195, 163, 114, 194, 162, 115, 195, 164, 117, 196, 165, 119, 191, 
163, 116, 195, 168, 121, 198, 174, 128, 196, 172, 126, 194, 170, 126, 196, 169, 126, 
190, 163, 120, 187, 160, 115, 189, 160, 116, 182, 154, 107, 178, 150, 103, 186, 155, 
108, 184, 153, 106, 190, 160, 110, 188, 158, 108, 181, 151, 101, 182, 152, 102, 184, 
154, 104, 179, 149, 99, 174, 144, 92, 178, 148, 94, 185, 155, 101, 193, 164, 108, 
186, 157, 101, 186, 155, 98, 196, 165, 108, 200, 168, 109, 201, 169, 110, 206, 172, 
111, 208, 174, 113, 212, 178, 117, 216, 182, 121, 219, 183, 123, 220, 184, 124, 221, 
185, 125, 224, 186, 124, 219, 180, 115, 214, 175, 108, 211, 172, 107, 210, 170, 108, 
208, 168, 107, 206, 167, 108, 211, 172, 113, 215, 179, 121, 212, 175, 120, 205, 170, 
116, 202, 167, 113, 203, 167, 115, 206, 170, 118, 206, 173, 120, 207, 174, 121, 206, 
175, 121, 189, 156, 105, 189, 156, 105, 193, 160, 109, 196, 163, 112, 197, 161, 111, 
199, 163, 113, 211, 175, 125, 222, 186, 138, 223, 189, 141, 227, 195, 148, 222, 191, 
144, 221, 190, 143, 226, 198, 151, 227, 199, 152, 221, 194, 147, 223, 196, 151, 222, 
195, 152, 221, 192, 150, 228, 199, 155, 230, 201, 157, 221, 190, 146, 215, 184, 138, 
218, 187, 140, 218, 186, 137, 222, 190, 141, 223, 190, 139, 228, 195, 144, 232, 199, 
148, 230, 197, 146, 229, 197, 146, 225, 194, 140, 214, 183, 129, 206, 175, 121, 218, 
187, 133, 217, 186, 131, 217, 186, 131, 221, 188, 134, 219, 186, 132, 216, 181, 125, 
206, 171, 115, 205, 170, 112, 199, 164, 106, 193, 157, 99, 189, 153, 95, 191, 152, 
93, 193, 154, 95, 195, 156, 97, 195, 157, 95, 198, 158, 96, 198, 159, 94, 192, 
152, 90, 184, 146, 83, 183, 145, 83, 188, 149, 90, 192, 153, 96, 191, 154, 99, 
186, 149, 96, 188, 152, 100, 194, 158, 106, 196, 163, 112, 196, 163, 112, 195, 163, 
112, 196, 164, 115, 196, 164, 115, 230, 199, 145, 229, 198, 144, 223, 192, 138, 214, 
181, 128, 208, 175, 122, 210, 177, 126, 211, 178, 127, 208, 174, 126, 203, 171, 122, 
199, 167, 120, 201, 170, 123, 204, 176, 129, 205, 177, 130, 208, 181, 134, 209, 182, 
135, 202, 175, 130, 207, 178, 134, 206, 177, 135, 197, 168, 124, 192, 163, 119, 200, 
169, 123, 200, 169, 122, 195, 163, 114, 193, 161, 112, 198, 165, 114, 190, 157, 104, 
190, 157, 104, 190, 157, 104, 181, 148, 95, 183, 150, 96, 196, 163, 109, 195, 162, 
108, 186, 155, 101, 199, 168, 114, 191, 160, 105, 192, 161, 106, 199, 166, 112, 197, 
164, 110, 202, 170, 113, 200, 165, 109, 206, 171, 113, 212, 177, 119, 219, 183, 125, 
218, 182, 124, 212, 176, 118, 209, 170, 111, 206, 167, 108, 205, 166, 107, 204, 166, 
104, 202, 164, 101, 202, 164, 102, 205, 169, 109, 208, 172, 114, 206, 169, 114, 205, 
170, 116, 209, 173, 121, 209, 176, 125, 207, 173, 125, 206, 174, 125, 207, 175, 128, 
208, 177, 130, 212, 181, 135, 213, 185, 138, 213, 185, 138, 194, 163, 109, 199, 168, 
114, 204, 173, 119, 202, 171, 117, 196, 164, 113, 200, 168, 117, 215, 183, 134, 228, 
196, 149, 232, 201, 154, 225, 197, 150, 216, 188, 141, 213, 186, 141, 218, 191, 146, 
219, 195, 151, 222, 198, 154, 225, 201, 155, 228, 201, 156, 228, 199, 155, 230, 201, 
157, 232, 203, 159, 235, 204, 158, 238, 207, 160, 238, 206, 157, 231, 199, 150, 228, 
195, 144, 236, 203, 150, 246, 210, 158, 241, 206, 152, 215, 180, 126, 201, 166, 110, 
211, 176, 120, 211, 178, 124, 213, 182, 128, 228, 197, 143, 230, 199, 145, 230, 199, 
145, 225, 194, 140, 216, 183, 130, 209, 176, 122, 198, 165, 111, 197, 162, 106, 198, 
163, 107, 197, 162, 106, 193, 156, 101, 189, 152, 97, 187, 151, 93, 186, 150, 92, 
186, 150, 92, 184, 148, 90, 183, 147, 89, 180, 143, 88, 176, 141, 85, 180, 145, 
91, 185, 149, 97, 186, 153, 102, 189, 157, 108, 186, 155, 108, 195, 164, 118, 205, 
176, 132, 212, 183, 141, 212, 183, 141, 210, 181, 141, 208, 180, 140, 205, 177, 138, 
225, 196, 140, 224, 194, 140, 221, 191, 137, 213, 183, 129, 206, 176, 122, 204, 174, 
122, 206, 176, 126, 205, 174, 127, 200, 172, 124, 195, 167, 120, 193, 166, 119, 197, 
170, 125, 198, 174, 128, 204, 180, 136, 208, 185, 141, 210, 186, 142, 213, 186, 141, 
208, 179, 135, 200, 171, 127, 193, 165, 118, 189, 158, 111, 184, 153, 106, 185, 153, 
104, 190, 158, 109, 190, 157, 106, 189, 156, 103, 183, 150, 96, 182, 147, 93, 174, 
139, 83, 176, 141, 85, 190, 155, 99, 190, 157, 103, 188, 157, 102, 186, 155, 100, 
182, 151, 96, 176, 145, 90, 179, 148, 93, 191, 160, 105, 197, 166, 111, 194, 162, 
105, 197, 165, 108, 202, 170, 113, 208, 176, 119, 214, 179, 123, 216, 181, 125, 216, 
181, 123, 214, 179, 121, 211, 176, 118, 213, 178, 120, 217, 182, 126, 222, 187, 131, 
229, 194, 140, 232, 199, 146, 231, 198, 147, 229, 197, 148, 231, 199, 152, 232, 201, 
155, 231, 202, 158, 232, 205, 162, 229, 201, 161, 224, 196, 156, 221, 193, 154, 219, 
194, 154, 218, 193, 153, 190, 159, 104, 189, 158, 103, 192, 161, 106, 189, 158, 104, 
184, 154, 100, 191, 161, 109, 203, 173, 123, 205, 174, 127, 207, 179, 131, 206, 178, 
131, 204, 177, 130, 207, 180, 135, 211, 184, 139, 218, 191, 146, 219, 195, 149, 218, 
194, 148, 220, 193, 148, 228, 199, 155, 226, 197, 153, 230, 201, 157, 227, 196, 150, 
224, 193, 146, 221, 189, 140, 220, 188, 139, 227, 195, 144, 225, 192, 141, 222, 189, 
136, 223, 190, 137, 235, 202, 148, 242, 209, 155, 236, 203, 149, 234, 201, 147, 222, 
193, 137, 218, 189, 133, 230, 201, 145, 231, 202, 146, 221, 192, 136, 223, 194, 136, 
225, 196, 138, 220, 189, 132, 215, 184, 127, 209, 177, 118, 207, 175, 116, 210, 178, 
119, 212, 180, 121, 215, 181, 120, 218, 184, 123, 218, 183, 125, 214, 179, 121, 213, 
178, 122, 213, 178, 122, 214, 179, 125, 214, 181, 128, 213, 180, 129, 210, 178, 129, 
210, 178, 131, 213, 182, 136, 216, 185, 141, 216, 187, 143, 215, 186, 144, 210, 183, 
140, 206, 178, 138, 205, 177, 137, 205, 177, 138, 226, 194, 135, 218, 186, 127, 215, 
183, 126, 216, 185, 128, 218, 187, 132, 222, 191, 137, 227, 195, 144, 228, 198, 146, 
229, 199, 149, 223, 193, 143, 210, 182, 134, 205, 177, 129, 211, 183, 136, 217, 189, 
142, 219, 192, 145, 223, 196, 149, 218, 190, 143, 220, 191, 147, 216, 187, 143, 221, 
193, 146, 218, 187, 140, 218, 187, 140, 219, 187, 138, 218, 186, 137, 213, 181, 130, 
207, 175, 124, 202, 171, 117, 208, 177, 123, 222, 191, 137, 217, 186, 131, 204, 173, 
118, 209, 178, 123, 212, 186, 129, 208, 182, 125, 211, 185, 128, 207, 178, 122, 199, 
170, 114, 208, 179, 123, 215, 186, 130, 212, 183, 127, 210, 181, 123, 213, 182, 125, 
216, 185, 128, 215, 184, 127, 209, 179, 119, 206, 176, 116, 205, 175, 115, 203, 171, 
112, 205, 173, 114, 206, 174, 117, 209, 177, 120, 213, 180, 126, 214, 183, 129, 211, 
179, 128, 206, 176, 126, 204, 174, 124, 205, 177, 129, 206, 178, 131, 209, 181, 134, 
209, 182, 137, 208, 181, 136, 204, 180, 136, 203, 179, 135, 202, 178, 134, 211, 177, 
114, 213, 179, 116, 209, 175, 114, 199, 165, 104, 194, 159, 101, 197, 165, 108, 203, 
170, 116, 205, 174, 120, 204, 172, 121, 202, 170, 119, 209, 177, 128, 214, 182, 133, 
211, 179, 130, 210, 178, 129, 209, 177, 126, 203, 173, 123, 195, 167, 120, 200, 172, 
125, 207, 176, 130, 216, 185, 139, 208, 177, 130, 208, 177, 130, 210, 180, 130, 210, 
180, 130, 208, 178, 126, 207, 177, 125, 208, 178, 126, 209, 177, 126, 213, 181, 130, 
218, 186, 135, 216, 184, 133, 218, 188, 136, 211, 184, 131, 209, 182, 129, 215, 188, 
135, 214, 187, 134, 206, 179, 126, 201, 174, 121, 199, 172, 119, 202, 172, 120, 196, 
166, 112, 197, 167, 113, 195, 165, 111, 190, 160, 106, 187, 158, 102, 192, 161, 106, 
195, 164, 109, 192, 163, 107, 190, 161, 105, 189, 160, 104, 186, 160, 103, 189, 163, 
106, 193, 166, 111, 194, 167, 114, 196, 168, 118, 199, 171, 121, 198, 172, 123, 198, 
171, 124, 197, 170, 123, 196, 172, 126, 196, 172, 126, 196, 172, 126, 195, 171, 125, 
194, 170, 126, 217, 182, 118, 218, 183, 119, 214, 178, 116, 208, 172, 112, 205, 170, 
112, 206, 171, 115, 207, 174, 120, 213, 180, 126, 209, 176, 123, 207, 174, 121, 199, 
166, 115, 197, 164, 113, 201, 168, 117, 197, 164, 111, 192, 159, 106, 196, 163, 112, 
198, 168, 118, 197, 166, 119, 198, 167, 120, 206, 175, 128, 198, 167, 120, 200, 170, 
120, 205, 175, 125, 204, 174, 124, 199, 169, 117, 202, 172, 120, 207, 177, 125, 203, 
173, 121, 203, 173, 121, 207, 177, 125, 206, 176, 124, 202, 174, 124, 205, 177, 129, 
203, 177, 128, 202, 174, 126, 199, 171, 123, 205, 177, 129, 215, 187, 139, 214, 186, 
138, 211, 183, 135, 215, 185, 135, 220, 190, 140, 224, 194, 144, 224, 194, 144, 223, 
193, 141, 222, 192, 140, 221, 191, 139, 219, 189, 137, 220, 193, 138, 217, 192, 136, 
215, 190, 134, 214, 191, 137, 216, 193, 141, 215, 192, 140, 215, 192, 142, 219, 196, 
146, 216, 193, 143, 214, 190, 142, 212, 188, 140, 211, 187, 141, 210, 188, 141, 212, 
190, 143, 213, 191, 144, 214, 192, 145, 187, 151, 89, 202, 166, 104, 203, 169, 108, 
194, 160, 99, 195, 160, 102, 206, 171, 115, 206, 173, 119, 202, 169, 116, 200, 167, 
116, 198, 165, 114, 205, 172, 119, 209, 176, 123, 202, 169, 116, 201, 168, 115, 207, 
171, 119, 205, 172, 119, 201, 169, 118, 205, 173, 124, 212, 180, 131, 223, 191, 142, 
215, 183, 134, 217, 185, 134, 227, 195, 144, 232, 200, 149, 229, 199, 147, 227, 197, 
145, 220, 190, 140, 218, 188, 138, 222, 194, 144, 217, 189, 139, 209, 181, 131, 219, 
191, 143, 221, 193, 146, 221, 192, 148, 225, 196, 152, 226, 197, 153, 224, 195, 151, 
216, 187, 143, 207, 178, 134, 210, 181, 137, 211, 180, 136, 205, 174, 130, 200, 169, 
123, 204, 173, 127, 211, 180, 134, 211, 180, 134, 206, 175, 128, 200, 172, 124, 203, 
177, 126, 199, 176, 124, 198, 175, 125, 198, 175, 125, 199, 175, 127, 196, 172, 124, 
197, 173, 125, 199, 177, 130, 197, 175, 128, 197, 175, 128, 195, 173, 126, 193, 170, 
126, 192, 169, 125, 192, 169, 125, 194, 171, 127, 196, 173, 129, 220, 186, 125, 228, 
194, 133, 228, 196, 137, 223, 191, 132, 221, 189, 132, 225, 192, 138, 229, 198, 144, 
231, 199, 148, 230, 198, 147, 227, 195, 144, 217, 185, 134, 211, 179, 128, 213, 181, 
130, 212, 179, 126, 212, 179, 126, 217, 184, 131, 218, 185, 132, 214, 183, 129, 211, 
180, 126, 218, 187, 133, 211, 180, 126, 210, 178, 127, 213, 181, 130, 215, 183, 132, 
204, 174, 122, 197, 167, 115, 210, 180, 130, 211, 181, 131, 195, 167, 117, 202, 174, 
124, 213, 187, 138, 213, 186, 139, 215, 186, 142, 217, 188, 144, 217, 188, 144, 211, 
182, 138, 210, 181, 137, 213, 184, 140, 210, 181, 137, 210, 181, 137, 218, 187, 143, 
215, 184, 140, 216, 185, 141, 224, 193, 147, 232, 201, 155, 230, 199, 153, 224, 193, 
147, 219, 191, 143, 227, 201, 152, 226, 203, 153, 229, 205, 157, 233, 209, 161, 235, 
211, 165, 230, 206, 160, 228, 204, 158, 231, 207, 161, 236, 212, 168, 235, 211, 167, 
234, 210, 166, 230, 206, 160, 226, 202, 156, 225, 198, 153, 224, 197, 152, 224, 197, 
152, 197, 167, 107, 197, 166, 109, 196, 165, 110, 190, 159, 105, 188, 158, 106, 195, 
165, 113, 199, 169, 119, 194, 163, 116, 202, 171, 124, 204, 173, 126, 211, 180, 133, 
218, 188, 138, 217, 187, 137, 218, 186, 135, 216, 184, 133, 211, 180, 126, 214, 181, 
128, 216, 180, 128, 215, 179, 127, 226, 190, 138, 224, 188, 136, 222, 189, 136, 225, 
192, 139, 230, 197, 144, 228, 196, 145, 231, 199, 148, 220, 190, 140, 209, 179, 129, 
217, 189, 141, 226, 198, 150, 222, 196, 147, 224, 198, 149, 232, 204, 157, 227, 199, 
152, 226, 198, 151, 221, 193, 146, 217, 186, 140, 214, 183, 139, 215, 184, 140, 221, 
190, 146, 219, 188, 144, 213, 182, 136, 204, 173, 127, 201, 170, 123, 205, 173, 126, 
206, 174, 127, 203, 171, 124, 201, 170, 123, 203, 175, 127, 200, 172, 125, 197, 169, 
122, 198, 170, 123, 197, 168, 124, 194, 165, 121, 198, 167, 123, 204, 173, 129, 201, 
170, 126, 201, 170, 126, 202, 171, 127, 204, 171, 128, 207, 174, 131, 209, 176, 133, 
211, 178, 135, 211, 178, 135, 210, 180, 120, 212, 181, 124, 221, 190, 135, 225, 194, 
139, 217, 187, 133, 217, 187, 135, 225, 195, 143, 229, 199, 149, 233, 203, 153, 230, 
200, 150, 225, 195, 143, 222, 192, 140, 225, 195, 141, 227, 196, 142, 224, 193, 139, 
221, 190, 135, 224, 193, 136, 216, 184, 127, 199, 167, 110, 199, 167, 110, 195, 163, 
106, 194, 162, 105, 193, 162, 107, 199, 168, 113, 196, 165, 111, 189, 159, 105, 197, 
167, 115, 198, 171, 118, 194, 166, 116, 196, 170, 119, 199, 173, 122, 198, 172, 121, 
196, 168, 118, 190, 162, 112, 188, 160, 110, 186, 158, 108, 190, 159, 112, 196, 165, 
118, 199, 168, 121, 199, 171, 123, 201, 173, 125, 205, 177, 129, 204, 176, 128, 202, 
172, 122, 203, 173, 123, 205, 175, 123, 205, 175, 123, 206, 176, 126, 211, 180, 133, 
209, 178, 131, 207, 176, 129, 208, 177, 130, 208, 177, 131, 204, 173, 127, 206, 175, 
129, 211, 180, 134, 209, 178, 132, 205, 174, 128, 201, 168, 123, 200, 168, 121, 201, 
169, 122, 203, 170, 125, 203, 169, 124, 202, 168, 123, 204, 169, 111, 200, 165, 107, 
198, 163, 105, 194, 159, 101, 188, 156, 99, 194, 162, 105, 194, 162, 105, 195, 163, 
106, 197, 166, 109, 197, 166, 109, 195, 164, 107, 194, 162, 105, 193, 161, 102, 190, 
158, 99, 188, 156, 97, 188, 156, 95, 183, 155, 92, 187, 162, 98, 197, 172, 108, 
204, 179, 115, 201, 173, 110, 196, 168, 105, 205, 176, 116, 211, 182, 122, 206, 177, 
119, 214, 188, 129, 220, 194, 137, 220, 195, 138, 221, 196, 140, 218, 193, 137, 214, 
189, 135, 214, 189, 135, 218, 191, 138, 220, 190, 138, 218, 191, 138, 218, 191, 138, 
216, 188, 138, 212, 184, 134, 206, 178, 128, 202, 174, 124, 202, 174, 124, 199, 171, 
121, 194, 166, 116, 192, 165, 112, 194, 167, 114, 196, 169, 116, 196, 169, 116, 197, 
170, 117, 202, 172, 120, 194, 162, 113, 185, 155, 105, 185, 155, 105, 186, 158, 108, 
184, 158, 107, 184, 158, 107, 187, 161, 110, 188, 162, 111, 186, 160, 109, 188, 162, 
111, 193, 167, 118, 198, 170, 122, 201, 173, 125, 203, 172, 125, 199, 168, 121, 199, 
165, 104, 196, 162, 101, 210, 176, 115, 210, 176, 115, 208, 176, 117, 209, 177, 118, 
214, 182, 123, 210, 178, 119, 208, 178, 118, 210, 180, 120, 212, 182, 122, 214, 184, 
124, 216, 184, 123, 215, 183, 122, 213, 181, 120, 213, 183, 121, 223, 195, 132, 213, 
188, 124, 201, 176, 112, 204, 179, 115, 208, 180, 117, 193, 165, 102, 190, 161, 101, 
201, 172, 112, 202, 173, 113, 190, 164, 105, 191, 165, 106, 199, 173, 116, 198, 172, 
115, 196, 171, 115, 196, 171, 115, 191, 166, 112, 193, 166, 113, 194, 167, 114, 191, 
164, 111, 186, 159, 106, 190, 162, 112, 200, 172, 122, 200, 174, 123, 194, 168, 117, 
199, 173, 122, 201, 175, 124, 204, 178, 127, 208, 183, 129, 212, 187, 133, 214, 189, 
133, 213, 188, 132, 214, 187, 134, 214, 184, 132, 208, 178, 128, 207, 177, 127, 210, 
182, 132, 213, 187, 136, 217, 191, 140, 221, 198, 146, 225, 202, 150, 227, 204, 152, 
226, 203, 151, 230, 207, 157, 233, 210, 160, 234, 208, 159, 230, 204, 155, 225, 197, 
150, 218, 190, 143, 205, 173, 112, 207, 175, 114, 204, 172, 113, 205, 173, 114, 197, 
166, 109, 199, 168, 111, 188, 157, 100, 189, 158, 101, 188, 159, 101, 192, 163, 105, 
194, 165, 107, 195, 166, 108, 195, 166, 108, 193, 164, 106, 192, 163, 105, 193, 164, 
106, 189, 159, 99, 191, 159, 100, 201, 169, 112, 209, 177, 120, 202, 170, 113, 202, 
170, 113, 215, 184, 127, 216, 185, 130, 210, 179, 124, 220, 189, 135, 224, 193, 139, 
219, 189, 137, 222, 192, 140, 228, 200, 150, 233, 205, 155, 232, 204, 154, 235, 207, 
157, 230, 204, 153, 228, 202, 153, 229, 203, 154, 230, 204, 155, 228, 202, 153, 228, 
202, 153, 232, 206, 157, 227, 201, 152, 225, 199, 150, 220, 194, 145, 214, 188, 137, 
210, 184, 133, 204, 178, 127, 202, 174, 124, 201, 173, 123, 204, 176, 128, 203, 175, 
127, 200, 172, 124, 197, 169, 121, 190, 164, 115, 182, 156, 107, 180, 154, 105, 186, 
160, 111, 190, 163, 116, 189, 162, 115, 193, 166, 119, 196, 169, 122, 196, 167, 123, 
197, 168, 124, 195, 166, 124, 191, 162, 120, 191, 162, 104, 189, 160, 102, 208, 179, 
123, 209, 180, 124, 208, 181, 126, 211, 184, 129, 224, 197, 144, 220, 193, 140, 222, 
197, 143, 226, 200, 149, 228, 202, 151, 228, 202, 151, 226, 200, 149, 225, 199, 148, 
227, 201, 150, 231, 203, 153, 241, 209, 158, 242, 210, 159, 232, 200, 149, 223, 191, 
140, 219, 187, 136, 218, 186, 135, 222, 190, 139, 220, 190, 140, 231, 201, 151, 228, 
197, 150, 213, 185, 137, 205, 177, 130, 206, 179, 132, 205, 178, 133, 197, 173, 127, 
198, 174, 128, 200, 176, 130, 198, 174, 128, 193, 169, 125, 189, 165, 121, 191, 167, 
123, 195, 171, 127, 195, 171, 127, 190, 166, 122, 188, 164, 120, 188, 164, 118, 188, 
164, 118, 190, 163, 118, 193, 166, 119, 194, 167, 120, 195, 168, 121, 197, 169, 122, 
201, 174, 129, 201, 174, 131, 195, 168, 125, 197, 170, 127, 206, 179, 136, 204, 177, 
134, 201, 174, 131, 209, 182, 139, 213, 185, 145, 213, 185, 145, 216, 188, 148, 218, 
190, 150, 217, 189, 150, 218, 190, 151, 218, 190, 153, 214, 186, 149, 226, 200, 151, 
226, 200, 151, 218, 192, 143, 216, 190, 141, 207, 183, 135, 213, 189, 143, 205, 182, 
138, 209, 186, 142, 206, 183, 139, 208, 185, 143, 207, 186, 143, 202, 181, 138, 196, 
174, 133, 192, 170, 129, 192, 169, 128, 196, 171, 131, 200, 172, 132, 202, 173, 131, 
201, 172, 130, 201, 172, 132, 195, 166, 126, 185, 157, 117, 191, 163, 123, 196, 171, 
130, 199, 174, 133, 197, 172, 132, 201, 178, 137, 205, 181, 143, 203, 181, 142, 211, 
189, 152, 220, 200, 163, 221, 201, 164, 224, 202, 165, 229, 205, 169, 231, 207, 171, 
230, 206, 170, 229, 205, 169, 231, 207, 171, 234, 210, 174, 235, 211, 175, 237, 213, 
175, 236, 210, 173, 234, 208, 171, 233, 208, 168, 236, 211, 171, 239, 211, 172, 240, 
212, 172, 241, 213, 174, 236, 210, 173, 235, 209, 172, 233, 207, 170, 232, 206, 169, 
230, 204, 167, 225, 199, 162, 228, 199, 165, 236, 207, 173, 232, 203, 171, 230, 201, 
169, 226, 199, 169, 223, 196, 166, 219, 192, 163, 221, 194, 165, 223, 196, 169, 222, 
195, 168, 191, 168, 124, 187, 164, 120, 202, 179, 135, 199, 176, 134, 195, 173, 132, 
194, 172, 131, 199, 180, 140, 194, 175, 135, 199, 179, 142, 203, 183, 146, 204, 186, 
150, 206, 188, 152, 207, 188, 155, 208, 189, 156, 211, 191, 158, 215, 195, 160, 225, 
202, 168, 220, 197, 163, 226, 203, 169, 231, 208, 174, 222, 199, 165, 224, 201, 167, 
234, 214, 179, 231, 211, 176, 219, 199, 164, 231, 212, 179, 241, 222, 189, 236, 220, 
187, 231, 215, 182, 233, 216, 186, 233, 218, 187, 230, 213, 183, 226, 207, 177, 223, 
204, 172, 225, 206, 174, 229, 210, 178, 228, 209, 177, 221, 202, 170, 218, 199, 167, 
220, 199, 168, 218, 198, 165, 216, 196, 163, 212, 189, 155, 209, 186, 152, 209, 186, 
152, 210, 186, 152, 209, 185, 149, 209, 185, 149, 198, 175, 141, 191, 168, 136, 196, 
173, 141, 202, 179, 147, 196, 173, 141, 197, 172, 141, 202, 177, 147, 202, 177, 147, 
211, 185, 158, 213, 187, 160, 216, 192, 166, 217, 193, 167, 216, 192, 168, 215, 193, 
169, 214, 192, 169, 209, 189, 165, 237, 215, 174, 238, 216, 175, 237, 218, 178, 240, 
221, 181, 238, 220, 182, 246, 228, 190, 242, 224, 188, 244, 226, 190, 244, 228, 194, 
242, 226, 192, 238, 222, 189, 235, 219, 186, 235, 219, 186, 233, 217, 184, 231, 215, 
182, 230, 213, 183, 224, 209, 178, 228, 213, 182, 221, 206, 175, 216, 201, 170, 218, 
203, 172, 222, 207, 176, 224, 209, 178, 223, 208, 179, 231, 216, 187, 219, 205, 178, 
203, 189, 162, 203, 189, 163, 214, 200, 174, 211, 199, 173, 205, 193, 167, 207, 195, 
169, 212, 198, 172, 219, 205, 179, 222, 208, 182, 218, 204, 178, 217, 203, 177, 220, 
206, 179, 222, 208, 181, 221, 205, 179, 223, 208, 179, 225, 210, 181, 227, 210, 180, 
228, 211, 181, 229, 213, 180, 229, 210, 178, 224, 205, 172, 222, 203, 170, 230, 214, 
181, 230, 214, 181, 238, 222, 189, 243, 227, 194, 235, 218, 188, 228, 209, 179, 224, 
204, 177, 222, 202, 175, 226, 206, 181, 225, 208, 182, 226, 210, 185, 226, 210, 187, 
225, 210, 189, 227, 215, 193, 230, 217, 198, 226, 213, 194, 222, 203, 170, 218, 199, 
166, 223, 204, 171, 218, 202, 169, 215, 199, 166, 217, 200, 170, 219, 202, 172, 215, 
200, 169, 219, 204, 175, 216, 201, 172, 211, 195, 169, 212, 196, 170, 219, 203, 177, 
224, 208, 182, 226, 210, 184, 226, 212, 185, 231, 217, 191, 223, 209, 183, 223, 209, 
183, 226, 212, 186, 216, 202, 176, 213, 199, 173, 223, 209, 183, 224, 210, 184, 224, 
209, 186, 229, 214, 191, 237, 222, 199, 238, 223, 202, 234, 219, 198, 235, 220, 201, 
240, 225, 206, 239, 224, 203, 237, 222, 201, 237, 222, 199, 240, 225, 202, 243, 228, 
205, 241, 226, 203, 235, 220, 197, 230, 214, 191, 229, 213, 188, 229, 213, 188, 229, 
213, 187, 229, 212, 186, 230, 210, 183, 229, 209, 182, 227, 208, 178, 225, 204, 175, 
223, 204, 174, 227, 210, 180, 223, 206, 176, 209, 192, 162, 205, 188, 158, 215, 195, 
168, 215, 195, 168, 216, 196, 171, 228, 208, 183, 228, 208, 184, 225, 207, 183, 224, 
208, 185, 220, 208, 186, 218, 207, 187, 222, 214, 193, 225, 217, 198, 222, 215, 196, 
212, 192, 168, 210, 192, 170, 210, 192, 170, 209, 191, 169, 210, 192, 170, 215, 198, 
178, 221, 204, 184, 221, 206, 185, 229, 214, 193, 230, 215, 194, 231, 216, 195, 231, 
216, 195, 230, 215, 194, 229, 214, 193, 228, 213, 192, 228, 213, 192, 230, 215, 194, 
229, 212, 192, 233, 216, 196, 234, 217, 197, 227, 210, 190, 223, 206, 186, 226, 208, 
188, 228, 210, 190, 238, 217, 198, 235, 214, 197, 227, 206, 189, 224, 203, 186, 225, 
204, 187, 221, 199, 185, 216, 194, 180, 217, 195, 181, 218, 197, 178, 216, 195, 176, 
214, 193, 174, 213, 192, 173, 214, 191, 173, 216, 193, 175, 218, 195, 177, 218, 196, 
175, 219, 194, 174, 218, 193, 171, 226, 199, 178, 222, 196, 173, 218, 190, 168, 220, 
192, 168, 218, 190, 166, 219, 192, 165, 216, 190, 163, 213, 187, 160, 219, 193, 166, 
228, 202, 175, 229, 201, 177, 228, 200, 176, 230, 202, 180, 228, 202, 179, 217, 192, 
170, 218, 196, 175, 225, 204, 185, 228, 211, 191, 226, 211, 192, 221, 208, 189, 220, 
209, 191, 221, 210, 192, 73, 54, 40, 75, 55, 44, 78, 58, 47, 78, 58, 47, 
76, 58, 46, 76, 58, 46, 74, 56, 44, 70, 54, 41, 71, 55, 42, 73, 57, 
44, 75, 59, 46, 74, 58, 45, 73, 57, 44, 74, 58, 45, 77, 61, 48, 82, 
64, 50, 86, 67, 53, 79, 60, 45, 72, 50, 36, 65, 43, 29, 61, 39, 25, 
61, 39, 25, 62, 40, 26, 62, 39, 25, 56, 33, 19, 57, 31, 18, 59, 32, 
21, 63, 36, 25, 67, 39, 28, 67, 39, 28, 64, 35, 27, 61, 31, 21, 61, 
31, 20, 60, 31, 17, 60, 31, 17, 60, 31, 17, 62, 30, 17, 64, 32, 19, 
67, 35, 22, 67, 35, 22, 64, 32, 19, 65, 32, 17, 73, 40, 25, 81, 45, 
29, 87, 51, 35, 99, 62, 44, 104, 67, 49, 104, 69, 49, 105, 70, 50, 105, 
70, 50, 99, 64, 44, 102, 67, 47, 116, 81, 61, 119, 84, 65, 111, 78, 59, 
109, 76, 59, 105, 74, 56, 92, 65, 48, 74, 48, 33, 56, 33, 17, 48, 29, 
14, 53, 36, 20, 54, 38, 23, 46, 33, 17, 23, 0, 0, 24, 0, 0, 24, 
0, 0, 23, 0, 0, 19, 0, 0, 20, 0, 0, 21, 0, 0, 18, 0, 0, 
18, 0, 0, 19, 0, 0, 20, 1, 0, 21, 2, 0, 22, 3, 0, 23, 2, 
0, 21, 0, 0, 20, 0, 0, 27, 4, 0, 27, 2, 0, 24, 0, 0, 23, 
0, 0, 25, 0, 0, 28, 1, 0, 33, 6, 0, 40, 11, 5, 33, 4, 0, 
33, 2, 0, 38, 7, 4, 41, 7, 5, 36, 1, 0, 35, 0, 0, 40, 4, 
4, 42, 4, 3, 47, 7, 5, 47, 8, 3, 47, 8, 3, 46, 7, 2, 44, 
5, 0, 45, 6, 1, 46, 7, 2, 46, 5, 1, 47, 6, 2, 46, 5, 0, 
50, 9, 3, 60, 17, 10, 65, 22, 15, 73, 28, 22, 78, 33, 27, 71, 27, 
18, 77, 33, 24, 76, 34, 22, 80, 38, 26, 80, 38, 26, 80, 38, 26, 93, 
50, 41, 95, 55, 45, 81, 43, 34, 78, 41, 32, 59, 25, 16, 43, 10, 1, 
35, 6, 0, 31, 4, 0, 25, 0, 0, 22, 0, 0, 22, 0, 0, 31, 7, 
7, 31, 7, 7, 31, 7, 7, 30, 6, 6, 27, 3, 3, 25, 4, 3, 25, 
4, 3, 24, 3, 2, 30, 9, 8, 28, 7, 6, 26, 5, 2, 25, 4, 1, 
27, 3, 0, 28, 4, 0, 28, 4, 0, 28, 4, 0, 31, 3, 0, 32, 4, 
1, 32, 4, 1, 34, 6, 2, 34, 6, 2, 30, 2, 0, 30, 1, 0, 36, 
7, 3, 34, 3, 0, 31, 0, 0, 32, 0, 0, 34, 0, 0, 33, 0, 0, 
37, 0, 0, 40, 1, 2, 42, 2, 3, 41, 1, 0, 41, 1, 0, 42, 2, 
0, 42, 2, 0, 41, 1, 0, 43, 3, 1, 44, 4, 2, 42, 2, 0, 45, 
4, 2, 47, 6, 4, 48, 7, 5, 49, 8, 4, 45, 1, 0, 49, 5, 2, 
67, 22, 19, 68, 25, 19, 58, 15, 9, 59, 16, 10, 59, 16, 10, 59, 16, 
10, 54, 13, 7, 49, 8, 2, 47, 8, 1, 51, 14, 8, 47, 12, 6, 45, 
12, 7, 39, 8, 3, 32, 3, 0, 28, 0, 0, 26, 1, 0, 25, 1, 0, 
23, 0, 0, 29, 2, 0, 29, 2, 0, 31, 4, 0, 29, 4, 0, 27, 2, 
0, 27, 2, 0, 27, 2, 0, 25, 2, 0, 23, 0, 0, 26, 3, 0, 30, 
5, 0, 29, 4, 0, 27, 3, 0, 27, 3, 0, 29, 5, 0, 34, 7, 0, 
36, 8, 4, 35, 6, 2, 30, 1, 0, 27, 0, 0, 30, 3, 0, 33, 6, 
0, 31, 2, 0, 29, 0, 0, 31, 2, 0, 34, 3, 0, 34, 3, 0, 39, 
5, 3, 43, 9, 7, 42, 7, 5, 40, 5, 3, 41, 6, 2, 36, 1, 0, 
35, 2, 0, 35, 2, 0, 34, 1, 0, 35, 2, 0, 37, 4, 0, 37, 3, 
1, 34, 0, 0, 34, 0, 0, 35, 1, 0, 33, 0, 0, 36, 3, 0, 36, 
1, 0, 38, 3, 0, 49, 14, 10, 46, 11, 5, 35, 0, 0, 37, 4, 0, 
34, 1, 0, 31, 0, 0, 34, 1, 0, 39, 6, 1, 36, 5, 0, 34, 3, 
0, 30, 1, 0, 32, 4, 0, 31, 6, 1, 27, 3, 0, 25, 1, 0, 24, 
3, 0, 25, 6, 2, 25, 6, 2, 83, 57, 42, 85, 59, 44, 89, 63, 48, 
92, 66, 53, 92, 66, 53, 89, 66, 52, 89, 66, 52, 88, 65, 51, 87, 64, 
50, 81, 55, 42, 73, 47, 34, 70, 42, 30, 71, 43, 29, 72, 44, 30, 72, 
44, 30, 70, 42, 30, 72, 44, 33, 77, 47, 37, 74, 44, 34, 64, 36, 24, 
64, 36, 24, 75, 47, 35, 81, 53, 41, 77, 49, 37, 79, 51, 39, 69, 41, 
29, 56, 26, 15, 54, 24, 13, 66, 34, 23, 68, 36, 25, 61, 29, 18, 58, 
26, 15, 53, 23, 12, 53, 23, 12, 53, 23, 12, 51, 23, 12, 51, 23, 12, 
52, 24, 13, 52, 24, 13, 48, 19, 11, 49, 20, 12, 51, 22, 14, 50, 21, 
13, 51, 22, 14, 53, 23, 13, 52, 22, 12, 51, 21, 11, 47, 17, 7, 45, 
17, 6, 43, 15, 4, 55, 27, 16, 65, 37, 26, 65, 37, 26, 68, 39, 31, 
68, 41, 32, 60, 33, 24, 57, 33, 23, 52, 30, 19, 51, 28, 20, 54, 31, 
23, 50, 30, 23, 38, 18, 11, 27, 8, 1, 24, 5, 0, 184, 155, 137, 186, 
159, 140, 193, 166, 147, 198, 171, 152, 197, 170, 151, 193, 166, 147, 189, 162, 143, 
185, 158, 139, 186, 159, 142, 189, 162, 145, 191, 164, 147, 189, 160, 144, 183, 154, 
138, 181, 152, 136, 185, 156, 138, 192, 161, 143, 185, 154, 134, 191, 160, 140, 193, 
162, 142, 183, 152, 131, 175, 144, 123, 183, 155, 133, 197, 169, 147, 198, 170, 148, 
195, 167, 145, 189, 161, 139, 184, 156, 134, 185, 157, 135, 189, 161, 139, 187, 159, 
137, 180, 152, 130, 175, 147, 125, 172, 141, 120, 175, 144, 123, 178, 147, 126, 176, 
148, 127, 176, 148, 127, 179, 150, 132, 179, 150, 132, 177, 148, 130, 177, 150, 131, 
178, 151, 132, 178, 151, 134, 180, 153, 136, 189, 160, 144, 190, 161, 145, 179, 150, 
134, 175, 146, 130, 175, 148, 131, 182, 154, 140, 178, 150, 136, 169, 141, 127, 164, 
138, 123, 157, 131, 116, 150, 124, 109, 151, 125, 110, 155, 129, 114, 156, 133, 117, 
153, 130, 116, 148, 125, 111, 149, 126, 112, 147, 124, 110, 136, 112, 100, 126, 102, 
90, 192, 165, 138, 193, 166, 139, 196, 169, 142, 198, 170, 146, 199, 171, 147, 199, 
171, 147, 200, 172, 148, 200, 172, 148, 195, 167, 145, 196, 168, 146, 197, 169, 147, 
200, 169, 148, 199, 168, 147, 199, 168, 147, 198, 168, 144, 198, 168, 144, 200, 170, 
144, 196, 165, 137, 197, 166, 138, 193, 162, 134, 183, 154, 124, 190, 161, 131, 205, 
176, 146, 208, 181, 151, 202, 175, 145, 198, 171, 141, 200, 173, 143, 204, 177, 147, 
203, 176, 146, 203, 176, 146, 202, 175, 145, 198, 171, 142, 194, 164, 136, 199, 169, 
141, 204, 174, 146, 203, 173, 147, 199, 172, 145, 200, 173, 146, 201, 173, 149, 199, 
171, 147, 201, 175, 150, 201, 175, 150, 196, 170, 145, 187, 161, 136, 191, 163, 139, 
195, 167, 143, 192, 164, 140, 203, 175, 151, 197, 169, 147, 191, 163, 141, 198, 170, 
148, 208, 180, 159, 202, 175, 154, 192, 165, 144, 189, 162, 141, 190, 163, 142, 188, 
161, 140, 190, 163, 142, 192, 165, 144, 197, 170, 149, 202, 175, 154, 201, 174, 153, 
200, 173, 152, 202, 175, 154, 202, 171, 142, 204, 175, 145, 210, 181, 151, 210, 181, 
151, 203, 174, 144, 202, 173, 143, 204, 175, 145, 202, 173, 143, 205, 176, 144, 208, 
179, 147, 210, 181, 149, 212, 181, 150, 214, 183, 152, 218, 187, 156, 219, 188, 157, 
215, 186, 154, 210, 181, 151, 207, 178, 148, 205, 176, 146, 199, 170, 140, 192, 163, 
131, 193, 164, 132, 202, 173, 141, 210, 179, 148, 203, 172, 141, 202, 171, 140, 204, 
173, 142, 202, 173, 141, 200, 171, 139, 202, 173, 141, 203, 174, 142, 202, 173, 141, 
204, 175, 145, 205, 175, 147, 204, 174, 146, 202, 172, 144, 202, 172, 144, 203, 173, 
145, 201, 174, 145, 200, 173, 144, 194, 167, 138, 208, 181, 152, 214, 187, 158, 210, 
183, 154, 211, 184, 155, 213, 186, 156, 214, 187, 157, 216, 187, 157, 225, 194, 166, 
208, 177, 149, 204, 174, 146, 203, 173, 147, 206, 176, 150, 208, 178, 152, 210, 183, 
156, 202, 175, 148, 189, 162, 135, 193, 166, 139, 199, 172, 145, 200, 173, 146, 200, 
173, 144, 200, 173, 144, 196, 169, 140, 198, 171, 142, 200, 170, 136, 203, 173, 139, 
198, 168, 134, 193, 163, 129, 193, 163, 129, 191, 161, 127, 190, 160, 126, 192, 162, 
128, 193, 163, 127, 193, 163, 127, 191, 161, 125, 189, 159, 123, 191, 161, 125, 193, 
163, 127, 192, 162, 126, 189, 159, 123, 186, 157, 123, 187, 158, 124, 186, 157, 123, 
186, 156, 122, 187, 157, 121, 187, 157, 121, 191, 161, 125, 200, 167, 132, 198, 165, 
130, 194, 161, 126, 195, 162, 127, 194, 164, 128, 192, 162, 126, 193, 163, 127, 198, 
168, 132, 201, 171, 135, 205, 175, 141, 206, 175, 144, 207, 176, 145, 207, 176, 145, 
207, 176, 145, 208, 177, 146, 207, 178, 146, 205, 176, 144, 206, 177, 145, 206, 177, 
143, 200, 171, 137, 196, 167, 133, 200, 171, 137, 204, 176, 139, 203, 175, 138, 198, 
170, 133, 205, 172, 137, 199, 166, 133, 203, 173, 139, 202, 171, 140, 197, 166, 135, 
190, 159, 128, 201, 170, 139, 206, 177, 145, 197, 168, 136, 203, 174, 142, 195, 166, 
134, 187, 158, 124, 187, 158, 124, 192, 164, 127, 201, 173, 136, 200, 172, 133, 192, 
159, 126, 193, 160, 127, 189, 156, 123, 187, 154, 121, 192, 159, 126, 194, 161, 128, 
194, 161, 128, 196, 163, 130, 194, 161, 126, 191, 158, 123, 188, 155, 120, 188, 155, 
120, 191, 158, 123, 194, 161, 126, 194, 161, 126, 192, 159, 124, 191, 161, 123, 195, 
163, 125, 192, 160, 122, 192, 160, 122, 197, 165, 127, 196, 162, 125, 193, 159, 121, 
198, 164, 126, 197, 163, 125, 188, 154, 116, 185, 151, 113, 187, 153, 115, 187, 153, 
115, 185, 153, 114, 187, 155, 114, 189, 157, 118, 192, 160, 122, 190, 158, 120, 187, 
155, 117, 185, 153, 115, 185, 153, 115, 187, 155, 117, 187, 155, 117, 186, 154, 116, 
179, 149, 111, 183, 153, 115, 190, 160, 122, 192, 163, 123, 190, 161, 121, 188, 159, 
119, 185, 156, 116, 184, 152, 113, 186, 154, 115, 188, 154, 116, 196, 164, 125, 198, 
166, 128, 197, 165, 127, 188, 155, 120, 190, 157, 122, 189, 159, 123, 196, 166, 130, 
197, 167, 129, 189, 159, 121, 197, 165, 126, 193, 161, 122, 181, 149, 108, 186, 154, 
113, 187, 155, 114, 198, 168, 134, 195, 165, 131, 197, 167, 133, 199, 169, 135, 197, 
167, 133, 199, 169, 135, 199, 169, 135, 194, 164, 130, 196, 166, 130, 193, 163, 127, 
190, 160, 124, 191, 161, 125, 194, 164, 128, 196, 166, 130, 197, 167, 131, 197, 167, 
131, 199, 167, 129, 198, 166, 127, 195, 161, 123, 196, 162, 124, 200, 166, 128, 197, 
163, 125, 194, 159, 119, 196, 161, 121, 192, 157, 117, 194, 159, 119, 201, 166, 126, 
204, 169, 129, 199, 166, 125, 195, 162, 121, 197, 164, 121, 200, 167, 124, 197, 164, 
123, 198, 166, 127, 196, 164, 125, 191, 159, 120, 186, 154, 115, 186, 154, 115, 193, 
161, 122, 199, 167, 128, 193, 161, 122, 191, 159, 118, 195, 163, 122, 198, 166, 125, 
195, 163, 122, 193, 162, 118, 195, 164, 120, 195, 164, 120, 205, 172, 129, 198, 165, 
122, 186, 155, 111, 174, 142, 101, 179, 147, 106, 181, 149, 108, 181, 149, 108, 176, 
144, 103, 183, 151, 110, 187, 155, 114, 181, 149, 108, 181, 150, 106, 180, 149, 105, 
178, 147, 101, 187, 156, 110, 188, 157, 110, 185, 159, 124, 183, 157, 122, 187, 161, 
126, 190, 164, 129, 189, 163, 128, 190, 164, 129, 194, 165, 131, 192, 163, 129, 189, 
160, 126, 187, 158, 124, 185, 156, 122, 184, 155, 121, 185, 156, 122, 185, 156, 122, 
185, 156, 122, 185, 157, 120, 183, 153, 115, 181, 149, 110, 181, 149, 108, 183, 151, 
110, 184, 151, 110, 183, 150, 109, 182, 149, 108, 182, 149, 108, 177, 144, 103, 178, 
145, 104, 181, 148, 105, 178, 145, 102, 172, 139, 96, 172, 139, 96, 175, 142, 99, 
174, 141, 98, 176, 144, 103, 176, 144, 103, 177, 145, 104, 179, 147, 106, 181, 149, 
108, 182, 150, 109, 184, 152, 111, 183, 154, 112, 183, 154, 112, 180, 151, 107, 183, 
154, 110, 184, 155, 111, 177, 148, 104, 174, 146, 99, 177, 149, 102, 182, 151, 105, 
174, 141, 96, 188, 155, 110, 197, 164, 119, 188, 155, 112, 184, 151, 108, 177, 144, 
101, 178, 145, 102, 178, 145, 102, 176, 143, 100, 177, 144, 101, 178, 145, 102, 176, 
143, 98, 175, 142, 97, 178, 144, 98, 183, 149, 103, 190, 156, 110, 193, 167, 132, 
194, 168, 133, 190, 164, 129, 188, 162, 127, 190, 164, 129, 189, 163, 128, 189, 163, 
128, 196, 167, 133, 197, 168, 134, 196, 167, 133, 194, 165, 131, 190, 161, 127, 188, 
159, 125, 186, 157, 123, 186, 157, 123, 185, 157, 120, 187, 157, 119, 184, 154, 116, 
188, 159, 119, 193, 164, 124, 193, 161, 122, 192, 160, 121, 194, 162, 123, 195, 163, 
124, 183, 151, 112, 193, 161, 122, 203, 171, 130, 202, 170, 129, 193, 161, 120, 191, 
159, 118, 194, 162, 121, 194, 162, 121, 193, 161, 120, 188, 156, 117, 183, 151, 112, 
182, 150, 111, 182, 150, 111, 183, 151, 112, 182, 150, 111, 181, 149, 108, 182, 150, 
109, 186, 154, 113, 193, 161, 120, 197, 166, 122, 192, 161, 117, 187, 156, 110, 189, 
158, 112, 192, 161, 115, 193, 160, 115, 196, 163, 118, 202, 169, 126, 200, 167, 124, 
201, 168, 125, 193, 160, 117, 191, 158, 117, 189, 156, 115, 184, 151, 108, 184, 151, 
108, 193, 160, 117, 199, 166, 121, 199, 165, 120, 192, 158, 113, 188, 154, 108, 197, 
163, 117, 212, 183, 149, 212, 183, 149, 206, 177, 143, 203, 174, 140, 205, 176, 142, 
204, 174, 140, 203, 173, 139, 208, 178, 144, 213, 183, 149, 216, 186, 152, 216, 186, 
152, 215, 185, 151, 216, 186, 152, 219, 189, 155, 222, 192, 158, 222, 192, 158, 220, 
191, 157, 216, 190, 155, 216, 190, 155, 216, 190, 155, 215, 187, 150, 209, 181, 144, 
208, 180, 143, 211, 183, 146, 214, 184, 148, 215, 185, 149, 217, 187, 149, 212, 182, 
144, 202, 173, 133, 197, 168, 128, 196, 167, 127, 194, 165, 125, 199, 165, 127, 206, 
172, 135, 214, 178, 142, 215, 179, 143, 210, 174, 138, 204, 168, 132, 204, 168, 132, 
207, 171, 135, 209, 173, 137, 207, 172, 134, 204, 166, 129, 203, 165, 128, 204, 166, 
129, 202, 164, 125, 198, 160, 121, 194, 159, 117, 194, 161, 120, 189, 156, 115, 190, 
158, 117, 190, 158, 117, 195, 163, 124, 193, 161, 122, 194, 162, 123, 191, 159, 120, 
193, 161, 122, 198, 166, 127, 197, 164, 123, 192, 159, 118, 191, 156, 116, 192, 157, 
115, 193, 158, 116, 192, 157, 115, 175, 146, 112, 170, 141, 107, 169, 140, 106, 171, 
142, 108, 169, 140, 106, 170, 141, 107, 171, 142, 108, 168, 138, 104, 172, 142, 108, 
173, 143, 109, 172, 142, 108, 167, 137, 103, 165, 135, 101, 167, 137, 103, 167, 137, 
103, 164, 135, 101, 164, 138, 105, 165, 141, 107, 164, 140, 106, 165, 141, 107, 169, 
143, 110, 166, 140, 107, 166, 140, 107, 176, 150, 115, 179, 153, 118, 179, 150, 116, 
179, 150, 116, 176, 148, 111, 170, 142, 105, 167, 139, 100, 170, 142, 103, 174, 144, 
106, 173, 141, 103, 170, 136, 99, 168, 134, 99, 170, 136, 101, 173, 139, 104, 175, 
139, 105, 173, 137, 103, 172, 136, 102, 166, 130, 96, 177, 141, 105, 185, 149, 113, 
190, 154, 118, 193, 157, 121, 189, 151, 114, 181, 143, 106, 176, 141, 103, 172, 138, 
100, 172, 140, 102, 177, 145, 107, 174, 142, 104, 179, 147, 109, 188, 156, 118, 203, 
171, 133, 205, 173, 135, 209, 177, 139, 214, 182, 144, 208, 176, 138, 216, 182, 144, 
217, 183, 145, 211, 177, 139, 217, 183, 145, 216, 183, 142, 214, 191, 157, 212, 189, 
155, 210, 187, 153, 210, 187, 153, 210, 187, 153, 210, 186, 152, 209, 185, 151, 210, 
186, 152, 211, 187, 153, 214, 190, 156, 213, 189, 153, 211, 187, 151, 211, 187, 151, 
210, 186, 150, 210, 184, 149, 212, 186, 151, 214, 190, 156, 211, 186, 155, 210, 185, 
154, 214, 189, 158, 212, 187, 156, 211, 186, 155, 218, 193, 162, 221, 194, 164, 220, 
193, 163, 215, 189, 156, 212, 186, 153, 212, 186, 151, 213, 184, 150, 209, 181, 144, 
207, 179, 142, 211, 183, 146, 209, 181, 144, 207, 179, 142, 203, 175, 138, 201, 171, 
135, 201, 171, 137, 204, 174, 140, 205, 175, 141, 204, 174, 140, 209, 179, 145, 205, 
175, 139, 203, 173, 137, 200, 167, 132, 193, 160, 125, 193, 161, 123, 194, 162, 124, 
191, 159, 121, 189, 156, 121, 191, 161, 125, 199, 169, 133, 202, 172, 136, 200, 170, 
134, 202, 172, 138, 198, 168, 134, 187, 157, 123, 187, 157, 123, 181, 151, 115, 171, 
141, 105, 168, 136, 98, 169, 137, 99, 171, 137, 100, 173, 139, 102, 176, 142, 105, 
174, 151, 117, 172, 149, 115, 171, 148, 114, 172, 149, 115, 175, 152, 118, 177, 154, 
120, 181, 158, 124, 185, 161, 127, 184, 160, 126, 185, 161, 127, 183, 159, 123, 180, 
156, 120, 176, 152, 116, 171, 147, 111, 170, 144, 109, 174, 148, 115, 174, 148, 115, 
173, 149, 115, 173, 149, 115, 180, 155, 124, 184, 159, 128, 182, 155, 125, 179, 152, 
122, 173, 146, 116, 176, 149, 119, 175, 146, 114, 173, 144, 112, 173, 144, 110, 173, 
144, 110, 173, 143, 107, 173, 143, 107, 174, 146, 107, 173, 145, 106, 168, 140, 101, 
165, 137, 98, 172, 144, 105, 179, 151, 114, 177, 149, 112, 174, 146, 109, 178, 148, 
112, 183, 153, 117, 182, 152, 116, 182, 152, 116, 179, 149, 113, 175, 145, 109, 174, 
144, 106, 172, 142, 104, 169, 139, 101, 171, 141, 105, 177, 147, 113, 180, 150, 116, 
181, 151, 117, 187, 157, 123, 193, 164, 130, 196, 167, 133, 194, 166, 129, 206, 178, 
141, 203, 173, 137, 198, 168, 132, 197, 167, 131, 200, 170, 134, 202, 172, 134, 202, 
172, 134, 204, 174, 136, 222, 197, 166, 222, 197, 166, 223, 198, 167, 225, 200, 169, 
224, 199, 168, 224, 197, 167, 224, 197, 167, 224, 197, 167, 229, 203, 170, 229, 203, 
170, 228, 202, 169, 227, 201, 168, 224, 195, 163, 215, 186, 154, 212, 183, 151, 217, 
188, 156, 224, 195, 163, 225, 196, 164, 218, 189, 157, 215, 186, 154, 216, 187, 155, 
214, 185, 153, 215, 186, 154, 216, 187, 155, 222, 193, 161, 222, 192, 158, 220, 190, 
156, 219, 186, 151, 215, 183, 145, 212, 180, 142, 210, 178, 140, 209, 177, 138, 217, 
185, 146, 221, 192, 152, 219, 190, 150, 212, 183, 143, 210, 180, 142, 212, 180, 142, 
209, 177, 139, 207, 174, 139, 212, 179, 144, 214, 182, 144, 213, 181, 143, 212, 180, 
142, 213, 181, 143, 213, 181, 142, 212, 180, 141, 213, 181, 143, 217, 187, 151, 222, 
194, 157, 218, 190, 153, 210, 182, 145, 208, 180, 143, 201, 175, 138, 193, 167, 130, 
190, 164, 127, 194, 168, 131, 197, 169, 130, 197, 169, 130, 196, 168, 129, 195, 167, 
128, 196, 167, 127, 198, 169, 129, 202, 173, 133, 197, 172, 141, 196, 171, 140, 195, 
170, 139, 195, 170, 139, 196, 171, 140, 198, 173, 142, 200, 173, 143, 202, 175, 145, 
206, 180, 147, 205, 179, 146, 206, 180, 147, 210, 184, 151, 209, 180, 148, 198, 169, 
137, 194, 165, 133, 200, 171, 139, 209, 180, 146, 219, 190, 156, 219, 190, 156, 218, 
189, 155, 218, 189, 157, 213, 184, 152, 211, 180, 149, 210, 179, 148, 215, 185, 151, 
218, 188, 154, 222, 189, 154, 219, 187, 149, 215, 181, 143, 212, 178, 140, 211, 177, 
139, 209, 176, 135, 207, 175, 134, 203, 174, 132, 205, 176, 134, 204, 175, 133, 199, 
170, 130, 197, 165, 126, 199, 167, 128, 204, 172, 134, 196, 164, 126, 199, 167, 129, 
198, 166, 128, 197, 165, 127, 199, 167, 128, 197, 165, 126, 195, 163, 124, 195, 165, 
127, 196, 168, 129, 199, 171, 134, 195, 167, 130, 189, 161, 124, 188, 162, 125, 192, 
167, 127, 192, 167, 127, 193, 168, 128, 195, 170, 130, 190, 165, 125, 186, 158, 119, 
181, 153, 114, 179, 151, 111, 178, 150, 110, 178, 150, 110, 178, 150, 110, 186, 165, 
136, 185, 164, 135, 184, 163, 134, 184, 163, 132, 186, 163, 132, 185, 162, 131, 182, 
159, 128, 179, 156, 125, 182, 157, 126, 179, 154, 123, 179, 154, 123, 184, 159, 128, 
183, 159, 125, 174, 150, 116, 170, 144, 111, 176, 150, 117, 191, 162, 128, 192, 163, 
129, 178, 149, 115, 168, 139, 105, 168, 139, 105, 166, 137, 103, 164, 135, 101, 162, 
133, 99, 162, 132, 98, 167, 137, 103, 173, 140, 105, 170, 138, 100, 165, 133, 94, 
165, 133, 94, 168, 135, 94, 167, 135, 94, 162, 133, 91, 155, 126, 82, 160, 131, 
89, 169, 140, 98, 168, 139, 97, 169, 140, 100, 169, 140, 100, 165, 136, 96, 166, 
136, 98, 172, 142, 104, 174, 144, 106, 177, 147, 109, 179, 151, 112, 176, 148, 109, 
172, 144, 105, 173, 145, 106, 168, 140, 101, 169, 141, 102, 171, 143, 104, 169, 141, 
102, 166, 141, 101, 169, 144, 104, 170, 145, 105, 165, 140, 99, 167, 142, 101, 174, 
149, 108, 184, 159, 118, 192, 167, 126, 195, 170, 129, 197, 172, 131, 200, 175, 134, 
201, 176, 135, 221, 202, 172, 217, 198, 168, 210, 191, 161, 207, 188, 158, 210, 189, 
158, 215, 194, 163, 218, 197, 166, 219, 198, 167, 223, 200, 168, 217, 194, 162, 214, 
191, 159, 216, 193, 161, 216, 193, 159, 210, 186, 152, 205, 181, 147, 209, 185, 151, 
216, 190, 157, 222, 196, 161, 217, 191, 156, 212, 186, 153, 211, 185, 152, 211, 185, 
152, 212, 186, 153, 211, 185, 152, 209, 180, 148, 213, 184, 150, 216, 186, 150, 210, 
180, 142, 202, 172, 134, 203, 174, 134, 211, 179, 140, 212, 180, 139, 206, 177, 135, 
201, 172, 130, 201, 172, 130, 199, 171, 131, 198, 170, 130, 206, 178, 138, 211, 183, 
143, 205, 177, 138, 205, 177, 138, 207, 179, 142, 208, 180, 143, 209, 181, 144, 209, 
181, 144, 204, 178, 141, 201, 175, 138, 203, 175, 138, 203, 175, 138, 203, 175, 136, 
207, 179, 140, 209, 181, 142, 206, 181, 141, 208, 183, 143, 208, 183, 143, 201, 176, 
135, 204, 179, 138, 204, 179, 138, 206, 181, 140, 208, 183, 142, 209, 184, 143, 209, 
184, 143, 207, 182, 141, 203, 178, 137, 220, 199, 172, 223, 202, 175, 227, 206, 179, 
231, 210, 183, 237, 213, 185, 237, 213, 185, 233, 210, 179, 229, 206, 175, 229, 204, 
174, 225, 200, 170, 221, 196, 165, 222, 197, 166, 223, 199, 165, 219, 193, 160, 215, 
189, 156, 216, 190, 157, 217, 193, 159, 226, 201, 170, 226, 203, 171, 223, 200, 168, 
216, 193, 161, 214, 191, 159, 221, 196, 165, 222, 197, 166, 215, 190, 159, 217, 193, 
159, 219, 193, 158, 213, 187, 150, 207, 179, 142, 209, 181, 142, 217, 187, 149, 219, 
190, 150, 221, 189, 150, 216, 184, 145, 216, 184, 145, 222, 190, 152, 223, 191, 153, 
218, 185, 150, 219, 186, 151, 226, 193, 160, 224, 191, 158, 220, 190, 156, 221, 191, 
157, 222, 192, 158, 220, 190, 156, 221, 191, 157, 222, 192, 158, 223, 193, 159, 216, 
186, 152, 212, 182, 146, 205, 177, 140, 202, 174, 137, 204, 176, 139, 212, 184, 147, 
215, 189, 152, 216, 191, 151, 210, 185, 145, 210, 185, 145, 212, 187, 147, 210, 185, 
145, 206, 181, 141, 206, 181, 141, 207, 182, 142, 206, 181, 141, 174, 153, 124, 174, 
153, 124, 173, 152, 123, 174, 153, 124, 178, 154, 126, 183, 160, 129, 185, 162, 131, 
186, 163, 132, 191, 168, 137, 191, 168, 137, 190, 167, 135, 193, 168, 137, 196, 172, 
138, 194, 168, 135, 189, 163, 130, 188, 164, 130, 188, 163, 132, 192, 169, 137, 196, 
173, 141, 197, 174, 142, 194, 171, 139, 193, 170, 138, 196, 173, 141, 193, 168, 137, 
195, 171, 137, 196, 172, 138, 197, 173, 137, 194, 168, 131, 186, 160, 123, 189, 161, 
122, 194, 166, 127, 195, 166, 126, 202, 170, 131, 196, 164, 125, 180, 148, 109, 170, 
140, 102, 176, 146, 108, 176, 146, 110, 174, 144, 108, 179, 149, 115, 182, 152, 118, 
179, 148, 117, 181, 150, 119, 183, 152, 121, 180, 149, 118, 180, 149, 118, 182, 151, 
120, 180, 150, 116, 186, 156, 120, 187, 157, 121, 180, 152, 115, 176, 148, 109, 177, 
149, 110, 175, 147, 108, 165, 140, 100, 162, 137, 97, 159, 134, 94, 158, 133, 93, 
159, 134, 94, 157, 132, 92, 156, 131, 91, 160, 135, 95, 164, 139, 99, 164, 139, 
99, 178, 153, 123, 185, 162, 131, 185, 162, 131, 185, 162, 131, 186, 165, 134, 181, 
161, 128, 173, 153, 120, 171, 151, 118, 172, 152, 119, 171, 148, 116, 165, 142, 110, 
164, 141, 109, 168, 145, 111, 169, 145, 111, 168, 144, 110, 171, 147, 113, 168, 143, 
112, 168, 143, 112, 172, 147, 116, 171, 146, 115, 167, 142, 111, 171, 147, 113, 172, 
148, 114, 162, 136, 103, 158, 132, 97, 167, 141, 104, 164, 138, 101, 162, 134, 95, 
162, 134, 95, 161, 132, 92, 164, 135, 95, 168, 139, 97, 166, 137, 95, 170, 141, 
99, 175, 146, 104, 178, 150, 110, 181, 153, 113, 183, 155, 116, 183, 155, 116, 183, 
155, 118, 178, 150, 113, 179, 150, 116, 186, 157, 123, 181, 152, 118, 175, 146, 112, 
176, 147, 113, 176, 147, 115, 183, 154, 120, 180, 150, 112, 180, 151, 111, 183, 154, 
114, 186, 156, 118, 188, 160, 121, 193, 165, 126, 197, 172, 132, 200, 175, 134, 202, 
177, 136, 203, 178, 137, 202, 177, 137, 203, 178, 138, 207, 182, 142, 205, 180, 140, 
200, 175, 135, 199, 174, 134, 220, 195, 164, 219, 194, 163, 223, 198, 167, 221, 198, 
167, 214, 191, 160, 212, 191, 160, 214, 193, 162, 210, 189, 158, 212, 191, 160, 210, 
190, 157, 208, 188, 155, 210, 187, 155, 212, 189, 157, 215, 191, 157, 217, 193, 159, 
220, 195, 164, 214, 189, 158, 219, 194, 163, 220, 195, 164, 219, 194, 163, 222, 196, 
163, 220, 194, 161, 212, 186, 151, 205, 179, 144, 212, 184, 147, 209, 181, 144, 201, 
173, 134, 199, 171, 132, 201, 172, 132, 202, 173, 133, 207, 178, 136, 208, 179, 137, 
209, 182, 139, 210, 183, 140, 210, 183, 140, 210, 182, 142, 207, 182, 141, 206, 181, 
140, 205, 180, 140, 206, 181, 141, 206, 180, 143, 208, 182, 145, 214, 188, 151, 212, 
186, 149, 209, 181, 144, 207, 178, 144, 208, 179, 145, 211, 183, 146, 212, 183, 143, 
211, 182, 142, 211, 182, 142, 210, 181, 141, 206, 178, 138, 203, 175, 135, 198, 173, 
132, 195, 170, 129, 196, 171, 130, 198, 173, 133, 199, 174, 134, 203, 178, 138, 210, 
185, 145, 211, 186, 146, 210, 185, 145, 213, 188, 148, 218, 191, 164, 226, 199, 172, 
222, 195, 168, 215, 189, 162, 218, 192, 165, 215, 191, 163, 213, 189, 161, 222, 198, 
170, 219, 195, 167, 218, 192, 165, 217, 191, 164, 216, 191, 161, 213, 188, 158, 214, 
187, 158, 218, 191, 162, 220, 193, 163, 212, 187, 156, 209, 184, 153, 210, 185, 154, 
221, 196, 165, 216, 192, 158, 189, 165, 131, 185, 159, 124, 212, 186, 151, 218, 192, 
155, 206, 180, 143, 196, 168, 129, 195, 167, 128, 193, 165, 125, 195, 167, 127, 206, 
178, 138, 211, 183, 143, 205, 176, 136, 203, 173, 135, 201, 173, 134, 205, 177, 138, 
209, 181, 142, 206, 178, 139, 198, 173, 133, 194, 169, 129, 202, 177, 137, 204, 179, 
139, 208, 180, 141, 209, 181, 144, 206, 178, 141, 202, 174, 137, 205, 175, 139, 205, 
175, 137, 210, 180, 142, 209, 179, 141, 209, 179, 141, 209, 179, 141, 207, 179, 140, 
206, 178, 139, 203, 175, 136, 199, 171, 132, 201, 173, 134, 200, 172, 135, 197, 169, 
132, 194, 166, 129, 194, 166, 129, 192, 164, 127, 190, 162, 125, 192, 164, 127, 199, 
172, 143, 202, 175, 146, 209, 182, 153, 215, 188, 159, 214, 188, 161, 214, 188, 161, 
214, 188, 161, 211, 185, 158, 211, 186, 156, 209, 184, 154, 211, 186, 156, 213, 186, 
157, 210, 183, 153, 214, 185, 155, 220, 191, 161, 222, 193, 163, 220, 193, 163, 218, 
194, 160, 216, 192, 158, 218, 194, 160, 216, 192, 158, 208, 182, 147, 207, 181, 146, 
217, 191, 154, 217, 191, 154, 218, 190, 151, 216, 188, 149, 217, 189, 149, 213, 185, 
145, 210, 183, 140, 218, 191, 148, 225, 196, 156, 225, 195, 157, 222, 192, 154, 219, 
189, 151, 218, 188, 150, 217, 187, 149, 211, 183, 144, 206, 178, 139, 206, 178, 138, 
213, 185, 145, 214, 186, 146, 210, 182, 142, 213, 184, 144, 211, 182, 142, 205, 176, 
136, 207, 178, 138, 203, 174, 134, 212, 183, 143, 211, 182, 142, 211, 182, 142, 210, 
181, 141, 208, 180, 140, 208, 180, 140, 208, 180, 140, 205, 177, 138, 211, 183, 144, 
210, 182, 143, 208, 180, 141, 208, 180, 141, 206, 178, 139, 199, 171, 132, 192, 164, 
125, 190, 162, 123, 153, 124, 92, 150, 121, 89, 153, 124, 94, 159, 130, 100, 158, 
131, 101, 161, 134, 104, 161, 134, 104, 156, 129, 99, 153, 126, 96, 151, 124, 94, 
153, 127, 94, 158, 129, 97, 157, 128, 96, 161, 130, 99, 167, 137, 103, 169, 139, 
105, 161, 135, 100, 164, 138, 105, 160, 134, 101, 148, 119, 85, 147, 118, 84, 168, 
140, 103, 172, 144, 107, 153, 123, 85, 152, 122, 84, 159, 130, 90, 160, 131, 91, 
164, 135, 93, 167, 138, 96, 167, 136, 92, 171, 140, 96, 176, 144, 103, 172, 140, 
101, 166, 134, 96, 160, 128, 90, 161, 129, 91, 166, 134, 95, 161, 132, 92, 153, 
124, 84, 151, 122, 82, 158, 129, 89, 158, 129, 87, 155, 126, 84, 163, 131, 90, 
165, 134, 90, 161, 130, 86, 163, 132, 88, 158, 127, 83, 158, 129, 87, 161, 132, 
92, 165, 136, 96, 164, 135, 95, 159, 131, 91, 157, 129, 89, 155, 127, 87, 153, 
125, 85, 151, 123, 83, 149, 121, 81, 149, 121, 81, 156, 128, 88, 164, 136, 96, 
170, 142, 102, 175, 146, 106, 179, 150, 110, 206, 180, 145, 205, 179, 146, 197, 171, 
138, 196, 170, 137, 203, 179, 145, 205, 181, 147, 202, 178, 144, 206, 182, 148, 201, 
177, 143, 197, 173, 139, 196, 170, 137, 196, 170, 137, 197, 168, 136, 198, 169, 135, 
200, 171, 137, 201, 172, 138, 204, 178, 143, 191, 165, 130, 185, 159, 124, 179, 153, 
118, 178, 152, 117, 196, 168, 131, 199, 171, 134, 178, 150, 111, 170, 142, 103, 168, 
140, 100, 158, 130, 90, 161, 132, 90, 171, 142, 100, 172, 143, 99, 172, 143, 99, 
173, 144, 102, 177, 145, 107, 178, 145, 110, 177, 144, 109, 180, 148, 110, 183, 153, 
115, 180, 150, 112, 175, 146, 106, 176, 147, 107, 177, 148, 108, 176, 147, 105, 178, 
149, 107, 186, 157, 115, 191, 160, 116, 189, 158, 114, 188, 157, 113, 185, 153, 112, 
181, 152, 112, 184, 156, 117, 187, 159, 120, 187, 159, 119, 186, 158, 118, 192, 164, 
124, 198, 170, 130, 201, 173, 133, 197, 169, 129, 193, 165, 125, 192, 164, 124, 194, 
166, 126, 197, 169, 129, 198, 170, 130, 200, 172, 132, 204, 175, 135, 206, 186, 153, 
199, 179, 146, 206, 186, 153, 212, 191, 160, 209, 188, 157, 212, 191, 160, 217, 196, 
165, 211, 190, 159, 214, 193, 162, 211, 191, 158, 209, 186, 154, 207, 184, 152, 208, 
185, 153, 208, 184, 150, 209, 185, 151, 211, 187, 153, 197, 173, 139, 204, 179, 148, 
216, 191, 160, 223, 199, 165, 223, 199, 165, 226, 200, 165, 223, 197, 162, 213, 187, 
150, 209, 183, 146, 202, 174, 135, 193, 165, 126, 202, 174, 134, 215, 187, 147, 217, 
189, 149, 216, 188, 148, 214, 186, 146, 216, 188, 151, 215, 186, 152, 208, 179, 145, 
206, 177, 143, 211, 182, 148, 210, 182, 145, 205, 177, 140, 205, 177, 140, 206, 178, 
139, 203, 175, 136, 206, 178, 139, 207, 179, 139, 204, 176, 136, 201, 173, 133, 197, 
169, 129, 198, 170, 131, 202, 173, 139, 206, 177, 145, 209, 180, 148, 204, 178, 145, 
200, 174, 141, 200, 174, 141, 199, 173, 140, 197, 171, 138, 193, 167, 134, 191, 165, 
132, 192, 166, 133, 194, 168, 135, 192, 166, 133, 192, 163, 131, 196, 167, 135, 201, 
172, 140, 210, 191, 159, 210, 191, 159, 210, 191, 161, 208, 191, 161, 207, 190, 160, 
207, 190, 160, 210, 193, 163, 215, 198, 168, 216, 199, 169, 216, 197, 167, 211, 192, 
162, 208, 189, 159, 211, 192, 160, 211, 190, 159, 210, 189, 158, 214, 193, 162, 216, 
195, 164, 214, 194, 161, 208, 188, 155, 207, 187, 154, 213, 190, 158, 214, 191, 157, 
215, 192, 158, 222, 198, 162, 215, 191, 155, 200, 176, 140, 191, 167, 129, 200, 176, 
138, 206, 182, 144, 205, 181, 143, 209, 186, 145, 209, 185, 147, 209, 185, 151, 212, 
188, 154, 210, 186, 152, 209, 185, 151, 214, 190, 156, 213, 189, 155, 209, 185, 151, 
210, 186, 152, 208, 184, 148, 204, 180, 144, 208, 184, 148, 205, 181, 143, 200, 176, 
138, 199, 175, 137, 197, 173, 135, 202, 178, 142, 200, 174, 141, 200, 173, 143, 198, 
172, 139, 194, 168, 135, 194, 168, 135, 199, 173, 140, 205, 179, 146, 205, 179, 146, 
200, 174, 141, 204, 178, 145, 213, 187, 154, 216, 190, 157, 209, 183, 150, 200, 174, 
141, 200, 171, 139, 202, 173, 141, 208, 191, 163, 204, 187, 159, 199, 182, 154, 196, 
179, 151, 199, 182, 154, 203, 186, 158, 204, 187, 161, 201, 184, 158, 201, 184, 158, 
202, 185, 159, 199, 182, 156, 201, 181, 156, 204, 184, 157, 202, 182, 155, 202, 182, 
155, 210, 190, 163, 200, 181, 151, 199, 180, 150, 199, 180, 150, 203, 184, 152, 199, 
178, 147, 200, 179, 148, 207, 186, 155, 214, 191, 159, 204, 181, 149, 199, 176, 142, 
194, 171, 137, 197, 174, 140, 201, 181, 144, 202, 182, 145, 203, 183, 146, 208, 188, 
153, 204, 184, 151, 205, 184, 153, 201, 180, 149, 199, 179, 146, 204, 184, 151, 204, 
184, 151, 199, 179, 146, 197, 177, 144, 199, 178, 147, 194, 173, 142, 193, 172, 141, 
199, 178, 147, 201, 180, 149, 198, 177, 146, 194, 173, 142, 194, 171, 139, 194, 170, 
136, 200, 176, 140, 201, 177, 141, 194, 170, 134, 189, 165, 127, 189, 165, 127, 189, 
163, 126, 187, 161, 124, 188, 162, 125, 181, 155, 118, 180, 154, 119, 182, 156, 121, 
181, 155, 120, 183, 157, 122, 191, 165, 130, 196, 170, 135, 213, 190, 159, 221, 198, 
167, 216, 195, 164, 213, 192, 161, 221, 200, 169, 222, 201, 170, 217, 196, 167, 218, 
197, 168, 207, 186, 157, 206, 185, 156, 208, 187, 158, 212, 188, 160, 211, 188, 157, 
211, 188, 157, 212, 189, 158, 215, 192, 161, 211, 191, 158, 211, 191, 158, 218, 198, 
165, 207, 187, 154, 212, 189, 157, 220, 197, 165, 222, 198, 164, 213, 189, 155, 213, 
189, 153, 203, 179, 143, 199, 175, 139, 203, 181, 144, 208, 186, 149, 209, 187, 148, 
204, 182, 143, 197, 175, 138, 202, 179, 145, 205, 182, 148, 202, 179, 145, 197, 174, 
140, 196, 173, 139, 195, 172, 138, 195, 172, 138, 198, 175, 141, 197, 174, 142, 194, 
171, 139, 196, 173, 141, 202, 179, 147, 204, 181, 149, 201, 178, 146, 199, 176, 144, 
199, 176, 144, 197, 173, 137, 201, 175, 138, 202, 176, 139, 200, 174, 137, 196, 171, 
131, 193, 168, 128, 193, 168, 128, 196, 168, 129, 195, 167, 128, 191, 163, 124, 192, 
164, 127, 193, 167, 130, 193, 167, 130, 193, 167, 130, 196, 170, 133, 198, 172, 135, 
218, 186, 145, 220, 188, 147, 222, 190, 149, 219, 187, 146, 218, 186, 147, 226, 194, 
155, 229, 197, 158, 223, 191, 152, 222, 193, 153, 225, 193, 154, 220, 188, 149, 218, 
186, 147, 222, 190, 151, 223, 191, 152, 221, 189, 150, 224, 192, 153, 226, 198, 159, 
219, 194, 154, 209, 181, 142, 222, 194, 155, 221, 191, 153, 221, 191, 153, 219, 189, 
151, 214, 184, 146, 206, 177, 137, 206, 177, 137, 214, 185, 145, 216, 187, 147, 208, 
179, 139, 204, 176, 136, 205, 177, 137, 201, 173, 133, 200, 172, 132, 202, 174, 134, 
201, 173, 133, 201, 173, 133, 205, 177, 137, 205, 177, 137, 202, 174, 135, 201, 173, 
134, 204, 176, 139, 203, 175, 138, 205, 177, 140, 208, 180, 143, 204, 176, 139, 197, 
168, 134, 192, 163, 129, 191, 163, 126, 194, 166, 129, 197, 169, 132, 199, 171, 134, 
197, 169, 132, 195, 167, 128, 197, 167, 129, 198, 168, 130, 199, 169, 131, 198, 168, 
132, 197, 167, 131, 196, 166, 130, 198, 168, 132, 201, 171, 137, 200, 170, 136, 197, 
167, 133, 196, 165, 134, 155, 115, 66, 164, 124, 75, 178, 138, 89, 178, 138, 89, 
170, 129, 83, 177, 139, 92, 187, 149, 102, 180, 142, 95, 184, 146, 99, 190, 152, 
105, 187, 149, 102, 183, 145, 98, 183, 145, 98, 180, 142, 95, 174, 136, 89, 173, 
137, 89, 162, 128, 82, 161, 128, 83, 183, 149, 104, 181, 147, 102, 187, 153, 108, 
185, 148, 104, 183, 146, 102, 182, 145, 101, 180, 143, 99, 182, 145, 100, 189, 152, 
107, 192, 158, 112, 196, 162, 116, 207, 173, 127, 217, 183, 137, 218, 184, 138, 207, 
175, 128, 205, 173, 126, 204, 170, 124, 204, 170, 124, 209, 175, 129, 211, 177, 131, 
208, 174, 129, 207, 173, 128, 208, 173, 131, 207, 172, 130, 209, 174, 132, 213, 178, 
136, 212, 177, 135, 210, 175, 133, 209, 176, 133, 210, 177, 136, 206, 173, 132, 208, 
176, 135, 204, 172, 131, 195, 162, 121, 192, 159, 118, 199, 166, 125, 202, 169, 128, 
200, 167, 126, 190, 157, 116, 190, 156, 118, 187, 153, 115, 188, 156, 117, 196, 164, 
126, 195, 163, 125, 187, 154, 119, 183, 150, 115, 177, 132, 77, 179, 134, 79, 171, 
126, 71, 160, 115, 60, 160, 114, 62, 167, 121, 69, 169, 123, 71, 164, 121, 68, 
162, 119, 68, 165, 122, 71, 175, 132, 79, 176, 133, 80, 167, 124, 71, 171, 128, 
75, 176, 133, 80, 169, 128, 76, 169, 129, 78, 174, 134, 83, 161, 121, 70, 166, 
124, 74, 154, 112, 62, 153, 111, 61, 157, 113, 64, 156, 112, 63, 163, 119, 70, 
165, 121, 74, 161, 119, 71, 158, 116, 68, 160, 118, 70, 163, 123, 74, 162, 122, 
73, 159, 119, 68, 166, 126, 74, 169, 129, 77, 174, 133, 81, 178, 137, 85, 179, 
138, 86, 180, 139, 87, 181, 139, 89, 182, 140, 90, 182, 140, 90, 178, 136, 86, 
179, 137, 87, 183, 141, 91, 188, 146, 96, 193, 151, 103, 199, 159, 110, 203, 163, 
114, 204, 166, 117, 208, 170, 123, 209, 171, 124, 206, 168, 119, 205, 167, 118, 207, 
169, 120, 206, 168, 119, 203, 163, 114, 207, 167, 118, 207, 169, 122, 206, 168, 121, 
210, 173, 128, 221, 184, 140, 223, 186, 142, 213, 176, 134, 205, 168, 126, 174, 128, 
76, 170, 124, 72, 162, 116, 64, 157, 111, 59, 160, 114, 62, 165, 122, 71, 164, 
121, 70, 158, 115, 64, 168, 124, 75, 169, 125, 76, 152, 111, 59, 144, 103, 51, 
157, 116, 64, 160, 119, 67, 150, 109, 57, 151, 110, 58, 146, 105, 53, 150, 109, 
55, 163, 122, 68, 154, 111, 60, 156, 113, 62, 157, 111, 61, 156, 110, 60, 157, 
111, 61, 158, 112, 62, 172, 126, 77, 177, 131, 82, 166, 122, 73, 155, 111, 62, 
149, 107, 57, 150, 108, 58, 155, 114, 62, 149, 106, 53, 145, 102, 49, 143, 100, 
47, 144, 98, 46, 146, 100, 48, 148, 102, 50, 150, 104, 52, 151, 105, 53, 146, 
100, 48, 142, 96, 44, 143, 97, 45, 148, 102, 50, 152, 106, 54, 154, 111, 58, 
156, 113, 60, 157, 114, 61, 156, 115, 61, 151, 110, 56, 150, 109, 55, 154, 111, 
58, 156, 113, 60, 156, 113, 60, 159, 116, 63, 164, 121, 68, 165, 122, 69, 169, 
126, 73, 172, 131, 79, 178, 136, 86, 184, 144, 95, 180, 140, 91, 167, 126, 80, 
155, 114, 68, 172, 131, 87, 174, 133, 89, 182, 141, 97, 186, 144, 102, 184, 142, 
100, 190, 148, 106, 197, 155, 115, 195, 156, 115, 192, 153, 112, 189, 150, 109, 199, 
162, 120, 203, 166, 124, 195, 158, 116, 197, 160, 118, 197, 160, 116, 183, 146, 101, 
182, 144, 95, 179, 139, 88, 172, 132, 81, 187, 145, 95, 186, 144, 94, 181, 137, 
88, 180, 136, 87, 185, 141, 94, 192, 148, 101, 192, 148, 101, 190, 146, 99, 188, 
146, 98, 192, 149, 104, 195, 154, 108, 191, 150, 104, 184, 144, 95, 182, 140, 90, 
176, 135, 83, 172, 131, 79, 176, 133, 82, 181, 138, 87, 183, 140, 89, 179, 136, 
85, 174, 131, 80, 172, 129, 78, 169, 126, 75, 169, 126, 73, 172, 129, 76, 172, 
129, 76, 168, 127, 73, 162, 121, 67, 158, 115, 62, 152, 107, 52, 142, 95, 39, 
137, 90, 34, 142, 93, 37, 141, 92, 34, 134, 85, 27, 134, 85, 29, 141, 92, 
36, 142, 95, 39, 142, 95, 39, 144, 97, 43, 144, 97, 45, 144, 98, 48, 147, 
101, 51, 146, 102, 53, 144, 100, 51, 197, 159, 120, 196, 158, 119, 188, 150, 111, 
188, 150, 111, 201, 163, 126, 204, 166, 129, 200, 162, 126, 204, 166, 130, 204, 168, 
132, 202, 166, 130, 193, 159, 122, 189, 155, 118, 194, 160, 123, 197, 163, 126, 193, 
159, 121, 192, 157, 115, 188, 152, 104, 189, 152, 100, 192, 152, 101, 190, 150, 99, 
196, 154, 106, 199, 157, 109, 197, 155, 107, 194, 152, 104, 191, 148, 103, 200, 157, 
112, 213, 170, 125, 215, 172, 127, 207, 166, 122, 205, 164, 120, 202, 164, 119, 195, 
157, 110, 199, 159, 110, 197, 155, 105, 196, 154, 104, 197, 155, 105, 197, 154, 103, 
195, 152, 101, 192, 149, 98, 190, 147, 96, 187, 144, 93, 184, 141, 90, 185, 142, 
89, 190, 147, 94, 192, 151, 97, 193, 152, 98, 191, 150, 96, 188, 145, 90, 193, 
146, 90, 186, 137, 79, 179, 128, 71, 177, 126, 69, 173, 123, 64, 165, 115, 56, 
162, 111, 54, 165, 114, 57, 164, 115, 57, 166, 117, 59, 170, 121, 65, 169, 119, 
66, 160, 113, 61, 159, 112, 60, 160, 114, 64, 159, 113, 63, }